$ANSIBLE_VAULT;1.2;AES256;ans_vault_ssh
30306463653164323262366262356533303239633930646461383963313734326534656231353239
3030646632616366646465616439613535373635353733660a616637316333343536343961633966
34356538323033633534386131613131333437366664663530396562303831356163336334393239
6135366136303836620a636138386235386162393564643137626264336266383738336532666564
65326362626564313362363737633833366261373038386136313561656463306530323438613838
63363032633235646464616665326635336564346235616432313031646161313336343634616661
31653235656636323131346562393038303333623731353965386566383963636336643365616430
63306163393138323631623666633064383837346662613730383834303133383561333666343965
30636337356632363539656538653435666462343833626462303561353632393433333734653134
30376363356664626638316439643361306338303364633065663930336631336635363465623062
36643062326632303332376566353262636435633134393565336139373937636531663638633537
65363766623535366633323039326162386466313933383062396435623466306164656663613665
33633137633135653530336564383262393036313831313731663666313664346330363333636235
34326133373433353339363636346463333063663835303234303566386436623334386338363433
63643433373833326530653133393939393033343637356562313135353630643462633466343262
64343235306139356132373935633165386130306538363038356662393438343430326237313431
39363939373161343164393839343764323737643034623862613834323065373662663031626139
63393464623063336264646266663464303337646234653033393534313262633864633633623633
31333939663463396232323233383764656539353633373533623034313530613230333332646130
33356364643434356638316163646639363764616365656164303263326437313866363966613539
34363362636138383931396265386361393636353537383162633065616231303737616433346562
32343664663966386333373866636235383134323533333666393063393438356631633231663035
39306135343236366566373230303032663438376136343964623066356632356333303464636230
63616463626438653334653461626661663836643861643033363833313733663561396439663239
3161
