$ANSIBLE_VAULT;1.2;AES256;private_ssh_key
33363131646537343630353463343237316432633738313033646432616663343462373732323431
3763393863636337306266646232373433363335653534660a333634313031653663306666666631
39393437663237326263623163323133656236303833626263643366323866366136393833373262
6332376261626561320a376639323236626332323931643263643133636664303335303561353832
62346337646662356661313637383730356433393834363264326632643334363266363130613238
33333436616536653239633962343436376365633166356634633931396632386433383330376266
33333064346439353165643034613437623437343532646335303264356566616537313230333038
36313134323134653631613133343562356362653562323631633566663362656662353539326532
37633265393863316666626361313866643966656537653539353865623435663066313938316234
33363665386531633932316164343362643664333938323864393337636537663262633535303835
64613731656631376430326532666265363964366166666563333366646466613764643432393462
32663130323565353162386263336666383731393762396261333661316365643565646631376365
65616635653331383235353936353161613931336338393334376636383964303539366131386333
61643537353638366337623232663634336632383531323766613237383263373235383561613862
37303962613731393133636365633831326165356662366430353062386635613463373435636666
66346466663863346237363961663266373035653165393463383464326430376137636532616134
65613464653537656333363738306564303635323832633939616365666263313464366333613530
65393761323162343133396666363430663034653164316236626639663330633038383365623565
34346562626337303665353563393164383730613730366631373066626134363237393939376438
61666231333131653433656134346563656239616434323930346236633935353132643963323132
33373837343361373735373935363165323335643337373066373837303638306331666464623366
62326132373063323430656537323965623938646230643064623965663931393063666439383762
39326336653239633665366337353132343838336437636438636438306563346436323166376366
63643834633337373562663235333335356561323463333763353934633163636330383231666130
6161
