$ANSIBLE_VAULT;1.2;AES256;ans_vault_ssh
61383539343361653838323733623735303364383233306533373166376639303934326631373635
3665636539313439303164616331343763313865613863380a646365396335663536376462356532
37373764646637346538663163363361626434326362313066336638633061616166613733313537
3233653637626331320a643063613537643563353562323062363737353033373165653632363666
37393365393135303432323433393066633263653363646434646130393666326333643765333164
35326531383262313437653932343464643532336436326634303634333738323937383863626539
34643237643139356331623335386163363563333066366131353865363135613832386566613362
63616130336261656331343362386433623037613532386264376138623539613635613061613836
31313932363561663837636535313464626435666461396430313130303061373931613362336237
35636364376537376336616439626661383431613866343061343139323130366530643435623766
31623232363064376436303931303137663730383232656564303761303037616566353638366335
36313461336664343733613433356461653235396531363933306664376166333932343365323966
38333261383830623734383365333530333564333764653938633435353432313265653930353630
64336138383333386264393736303263373538633961653938623465316435643966666164323630
33373439326462326163643661656230666533376438626663623235306335616662306564373363
30656666303832646463653738313839643337656431333731313436623330393161363137386264
31613262636630393130363138616535626537663238643166626337306635353564326166323030
33366432633161633532346430326565343361643439613066333361343964353731616231656362
35343030363566613733303363653039346166303962656364363564303666373735336433653138
66646537643364626163326261373838363631303236643633366461316532356666323132353934
36643861306365653730363366356639626634616535633561346432656138343835363138356136
39333263643530323965616638646466303664326138633030626462306261386666363836386235
65656339353634333763393936363262663763616261373133333238386437363333353166373665
65636362666131323432353266313664386635376633663438303666666161616230343538353530
3561
